2054 27

#idle right
0 0 0 16 19
1 26 0 16 19

#walk right
2 52 0 16 19
3 78 0 16 19
4 104 0 16 19
5 130 0 16 19
6 156 0 16 19
7 182 0 16 19

#jump right
8 208 0 16 24
9 234 0 14 16

10 260 0 16 16
11 286 0 16 19
12 260 0 16 16
13 312 0 22 21
14 338 0 19 24
15 364 0 17 25
16 390 0 18 24
17 416 0 19 20
18 442 0 16 22
19 468 0 16 23
20 494 0 16 21

21 520 0 16 18
22 546 0 17 17

23 572 0 8 8
24 598 0 8 8
25 624 0 20 21
26 650 0 20 21
27 676 0 20 22
28 702 0 20 22
29 728 0 22 27
30 754 0 22 27
31 780 0 26 27
32 806 0 26 27
33 832 0 26 27
34 858 0 26 27
35 884 0 16 16
36 910 0 16 16
37 936 0 10 10
38 962 0 16 15
39 988 0 16 15
40 1014 0 12 10
41 1040 0 8 8

42 1066 0 6 11
43 1092 0 6 8
44 1118 0 5 9
45 1144 0 4 11

46 1170 0 16 14
47 1196 0 14 16
48 1222 0 15 14

49 1248 0 14 3
50 1274 0 3 3
51 1300 0 6 5
52 1326 0 6 5
53 572 0 8 8
54 598 0 8 8

55 1352 0 14 16
56 1378 0 20 3
57 1300 0 6 5
58 1326 0 6 5
59 572 0 8 8
60 598 0 8 8

61 1404 0 4 4
62 1430 0 12 12
63 1456 0 16 16
64 1482 0 16 16

#idle left
65 1508 0 16 19
66 1534 0 16 19

#walk left
67 1560 0 16 19
68 1586 0 16 19
69 1612 0 16 19
70 1638 0 16 19
71 1664 0 16 19
72 1690 0 16 19

#jump left
73 1716 0 16 24
74 1742 0 14 16

75 1768 0 16 19
76 1794 0 22 21
77 1820 0 19 24
78 1846 0 17 25
79 1872 0 18 24
80 1898 0 19 20
81 1924 0 16 22
82 1950 0 16 23
83 1976 0 16 21

84 2002 0 16 18
85 2028 0 17 17
